$ANSIBLE_VAULT;1.1;AES256
64616561323765373439343934613835323639663664333332623832303539653237313231386536
3062636161343836326564663265623865373339383664370a306563356235663731306137613530
32376537666330396135373962303066356638336664653862663033663337643838373932663135
3531326566613932370a333162613239313333633632656333353139653339313738393139643861
64363132363364666336613365646164316661343936396633353363396563353735373062333863
62343462306537393662373637373536633732353137353030386662646364386539636462303161
65616630336635333439666438386337626234633061613865653131626530616630656237636363
34643362353866353539616636346438313063306464663932633861343631616166313866333939
61653966623136343934313962393136323332313137623531396538323566393566383363633065
34306439373537613331333061303630636337313633613266353438313566373333626537643562
61346630626332356333666539336639396266373635396166383536633461383963323636363336
31336238626138383532633535353739326332363738383864393135376532356436386563636165
36653736396366623336656330363166653736613233656636613936376336366266646261616537
37393135373362656638656535376436633561333362633366323264633233356139643432653132
61306362643530373761666634336464333837623532323931383330313366393862323664356666
63336263363633396563396662363766616663323135633265386365396261346665343630306436
64633965616632653034613331616363663139393565396332386636386635303365333831653330
30346236393237356331313063386563316562316435623734666435313864363335626631313331
38633336393736353365633863643261613766356539383562353435613936613930633862383836
33363662653762366331653765393864366633666138636631353336323062346433663130636230
62306139383233653730376439626238356565393139663734373230336139623434663737323139
31633435363832303430323735646238373835323364356663353736633633656133366632386361
61353761636138346330363861346636376466353930333363336330366630373531663761613436
39373031356236366235613165353931626637376236316531323536313861393164393966363561
63646132666163623464343832363939663534666132366337343264616137316666363430663466
63396661336362633165343937333666396236393133366438383665633161303963383030373864
36666365616462323035386635363139623131633332366336626131343234663939666138663665
61633230616161333838633838333465343938333739323433666439303364396632643831366663
36613166326434393130303165636231333334613265356533326433316139346366616238653766
33653962376534643665653731323566363535396533383831396534346337656661333862353535
34363133613638376638313961376139383932663732303365383565613962373835663239643130
36643637373937393732393866383836363964333831663865663863623539333836313339623539
66363866333764363034393038353034623935303735386630353165343533613835313939366432
30653138666164336162323463633938343134396136646334633064363735623665666364656664
66376663333037303334303535343332386332306134663039306437363934616466626130353165
33343764373631363966
