$ANSIBLE_VAULT;1.1;AES256
63383861303664383537633134313732633839646262626137333335623462393333656166643133
3165653238303065323565663738333739393032376439650a323639303631323364333636646265
34346437646538346432646433326433626664373862616265333636393530626438303065346366
6336373338336334330a386166316333363833633864623265313834373730316239326434623462
61366333663838313935316233636265346531323366663637363030353135636265396633353937
33346536666138643833386533376563663135306638626565396337376538303862373035363035
30623735613034616666343437333339353737326137323436303232396234366335653237373466
36333935363335383535633061373730643961653437356536373766633335393761326535363563
62346239663539333965303531653736616166333566643031663566343235393735613164386164
66643734373132373336666538326337643238623737303232633865633134363035663532336163
65313036646537633532306330643466666463353961626135383836316130393336656632623631
37616130356463323935313863386336343635313065333566346561626361633430366565383163
38613065656438333330356230373762346634373964336433643633363934353930303530633935
33643235613631616437633932643538613134613461656665383938393232663932646331613266
34643530653134396434633964626163323531663763656231353331333539366539376664656635
61666133306333333661633134616133393337643336646231653330316230623538386134383236
38366466306366656464333734303361643232386535643261333766363161653530316365636636
66373731313631316437333965303435633636326232656336633963383565663963666530303937
34626265613833643363383765383434653464303164303664333832376131323263646563313233
39613565336266383663626434356237356661613662643436386661643038663230303961323530
37383330343838326339373563393234646339323265323136626333306235353534373137353864
35316163643665646534323765643737393066363161633466633330663637636231643532376337
38303565653535623233633731653965306161376635626139356337316333613931623337393236
62626436356563316162393465306533306330326434303233616631303661396266613139623965
31333264363963316335646263393262663435326632336133356131666561623739303166343833
34363338323538613736633163646135656561383963663139363130613333356561636232366664
39653834356139663164656135623264313138326366323438313138613965333863346636356338
38666262336332346434
