$ANSIBLE_VAULT;1.1;AES256
61336236363862303035333362376561363134656662393266343363303066333661353866623430
6437653631333832366636623736643636386461623430390a353165316366336466363639303163
30396230616336646165646334626664323030343936616363313766373336363065306532373738
3437616636343364330a633534366537623138653736643963386332373763353936393063626261
30366137333635653437396431363231313961303133346235393734376534656638626534376131
64326630666430633039376439346564306661356436316164383234396337663264356563356331
34323266353662333031636431323861373730633966396532326461666466643434353165303739
37313634306463306436333731303436366264316335663635636235656132333634306532653736
35626336656133656338656632653337663431323164343262383263313238363633636165653939
65663836313363326430303930343364376161633238303264336231633166336133613939356531
66313266613130373836643538363137343162663465393566313633356365643665383464653864
66396666336230353465396534636266303234316664653661313961626639633765616239383930
31373864623265366462303063393330623262333363363638326332396461626639343936376438
39386337313964366236633134306630306433333465653939306666663835323036653462386437
63383138386130643837326538663263393738363131333837306532306462666134656639353638
33373861633362373362616633333065663666333733396166613162646631336337326630663061
37313637643031376364333033363866323239353531373061346261306434663462373438363630
37306665356336353763383033386366346332643134366539623431363163663035336262653031
65626233663934653561326632656637396264393665343038636232346666343366303866303734
35636562366337376131306531303266383939313130363865653030366466333764363832396334
39323262396563373436626333353662663536323237343462353762653234663263666239336235
39303736656262656666633261613266313234313031336162316462636662343964396435643432
36613335316462653866646230346131643933336236656161356433666431643734653232363966
30626639383533316265636161653736396134636633616564373263393934373166393865653866
36363232663832663932376161316465386637373830333364666330366238306564656664383430
62376565646163386463376332306564376262356333346332303662633337313837653963326531
32656337396164383161636435616463633866396137306364643064303238353137306338373536
66663565613465323663
